 $IN3
 RSISVS=    6.2207528e-06  9.0367002e-06  1.9982401e-05  2.3677505e-05
            4.2484600e-05  5.3486699e-05  7.5995798e-05  7.5990203e-05
            7.5990203e-05  7.5995798e-05  9.0367002e-06  6.2207528e-06
            1.9982401e-05  4.2484600e-05  2.3677505e-05  5.3486699e-05
            2.8357000e-04  2.8357000e-04  2.8357000e-04  2.8357000e-04
            5.5142998e-04  5.5142998e-04  8.7450701e-04  1.3442300e-03
            1.8693800e-03  2.3614799e-03  1.3905599e-03  1.2459700e-03
            1.2459700e-03  7.4757700e-04  7.4757700e-04  1.0413600e-03
            1.1004501e-03  1.1004501e-03  1.0413600e-03  1.3905599e-03
            2.3614799e-03  1.8693800e-03  1.3442300e-03  8.7450701e-04
            8.1942900e-04  8.1942900e-04  0.4500000e-03  1.0e-3
 VSNAME= 6*'DOMEU',4*'CYLIN',6*'DOMEL',
         26*'VESSL',1*'DIVRT',1*'CRYO'
 RROGVS = 42*0.,1.,1.
 LPNAME=
  'FLUX_00','FLUX_01','FLUX_02','FLUX_03','FLUX_04','FLUX_05',
  'FLUX_06','FLUX_07','FLUX_08','FLUX_09','FLUX_10','FLUX_11',
  'FLUX_12','FLUX_13','FLUX_14','FLUX_15','FLUX_16','FLUX_17',
  'FLUX_18','FLUX_19','FLUX_20','FLUX_21','FLUX_22','FLUX_23',
  'FLUX_24','FLUX_25'
 MPNAM2=
  'BP_00',  'BP_01',  'BP_02',  'BP_03',  'BP_04',  'BP_05',
  'BP_06',  'BP_07',  'BP_08',  'BP_09',  'BP_10',  'BP_11',
  'BP_12',  'BP_13',  'BP_14',  'BP_15',  'BP_16',  'BP_17',
  'BP_18',  'BP_19',  'BP_20',  'BP_21',  'BP_22',  'BP_23',
  'BP_24',  'BP_25'
  'BP16_GHK',  'BP17_GHK',  'BP18_GHK',  'BP19_GHK',  'BP20_GHK',
  'BP21_GHK',  'BP22_GHK',  'BP23_GHK',  'BP24_GHK',  'BP25_GHK',
  'BP26_GHK',  'BP27_GHK',  'BP28_GHK',  'BP29_GHK',  
 RSI=
    0.415000,    0.415000,    0.415000,    0.415000,    0.415000,
    0.544000,    0.548000,    0.699000,    0.801000,    0.805000,
    0.946000,    1.052000,    1.061000,    1.061000,    1.061000,
    1.053000,    0.952000,    0.804000,    0.803000,    0.697000,
    0.548000,    0.544000,    0.415000,    0.415000,    0.421400,
    0.415000,
 ZSI=
   -0.003000,    0.108000,    0.214000,    0.323000,    0.429000,
    0.526000,    0.621000,    0.621000,    0.621000,    0.415000,
    0.338000,    0.334000,    0.165000,    0.000000,   -0.165000,
   -0.334000,   -0.338000,   -0.416000,   -0.621000,   -0.621000,
   -0.621000,   -0.527000,   -0.429000,   -0.323000,   -0.213000,
   -0.108000,
 XMP2=
    0.418300,    0.418300,    0.418300,    0.418300,    0.487100,
    0.548000,    0.611800,    0.742000,    0.805800,    0.887900,
    1.011900,    1.057300,    1.057300,    1.057300,    1.057300,
    1.011900,    0.887900,    0.805800,    0.742000,    0.611800,
    0.548000,    0.487100,    0.418300,    0.418300,    0.418300,
    0.418300,
    0.8669000,      0.8858000,      0.9047000,      0.9197000,      0.9306000,
    0.9396000,      0.9456000,      0.9456000,      0.9396000,      0.9306000,
    0.9197000,      0.9047000,      0.8858000,      0.8669000,
 YMP2=
    0.053900,    0.161700,    0.269500,    0.377200,    0.503000,
    0.580700,    0.617900,    0.617900,    0.507700,    0.351300,
    0.333400,    0.253400,    0.084500,   -0.084500,   -0.253400,
   -0.333400,   -0.351300,   -0.507700,   -0.617900,   -0.617900,
   -0.580700,   -0.503000,   -0.377200,   -0.269500,   -0.161700,
   -0.053900,
    0.227000,    0.201000,    0.170000,    0.138000,    0.108000,
    0.077000,    0.038000,   -0.038000,   -0.077000,   -0.108000,
   -0.138000,   -0.170000,   -0.201000,   -0.227000,
 AMP2=
   90.000000,   90.000000,   90.000000,   90.000000,   15.000000,
   90.000000,    0.000000,    0.000000,  -90.000000,  -15.000000,
    0.000000,  -90.000000,  -90.000000,  -90.000000,  -90.000000,
  180.000000, -165.000000,  -90.000000,  180.000000,  180.000000,
   90.000000,  165.000000,   90.000000,   90.000000,   90.000000,
   90.000000,
  -50.500000,  -55.700001,  -61.500000,  -67.199997,  -72.900002,
  -77.599998,  -84.400002,  -96.099998, -102.400002, -107.300003,
 -112.699997, -118.500000, -124.400002, -129.399994,
 SMP2= 26*0.030,14*0.013
 PATMP2  = 2*0.1078000    ,  0.1077500    ,  0.1612151    ,  0.1342753    ,
  9.8581910E-02,  0.1289001    ,  0.1289000    ,  0.2446014    ,  0.1541565    ,
  0.1025962    ,  0.1644500    , 2*0.1689500    ,  0.1644500    ,  0.1025963   ,  
  0.1541564    ,  0.2446014    ,  0.1289000    ,  0.1289001    ,
  9.8581910E-02,  0.1342753    ,  0.1612151    ,  0.1077500    ,
 2*0.1078000    ,14*1.e-10
 TURNFC= 129, 2*27, 2*84, 2*80, 2*75, 2*84, 2*10, 2*0.5
 $
    0.342       -0.002      0.052       1.0693
    0.3668      0.3820      0.033       0.3233
    0.3668     -0.3820      0.033       0.3233
    0.47912     0.596500    0.08966    0.095000
    0.47912    -0.596500    0.08966    0.095000
    0.879300    0.59334     0.08687    0.095000
    0.879300   -0.59334     0.08687    0.095000
    1.00533    0.45166      0.08128    0.144000
    1.00533   -0.45166      0.08128    0.144000
    1.506220    0.447800    0.09119    0.095000
    1.506220   -0.447800    0.09119    0.095000
    0.86135     0.430200    0.049350    0.05080
    0.86135    -0.430200    0.049350    0.05080
    0.4960      0.849      0.2194      0.1900
    0.4960     -0.849      0.2194      0.1900
  0.321571  0.528348  0.015942  0.020924  1.000000
  0.321571  0.500034  0.015942  0.020924  1.000000
  0.321571  0.477383  0.015942  0.020924  1.000000
  0.321571  0.454732  0.015942  0.020924  1.000000
  0.321571  0.432080  0.015942  0.020924  1.000000
  0.321571  0.409429  0.015942  0.020924  1.000000
  0.321571  0.386778  0.015942  0.020924  1.000000
  0.321571  0.364127  0.015942  0.020924  1.000000
  0.321571  0.341476  0.015942  0.020924  1.000000
  0.321571  0.318825  0.015942  0.020924  1.000000
  0.321571  0.296173  0.015942  0.020924  1.000000
  0.321571  0.273522  0.015942  0.020924  1.000000
  0.321571  0.250871  0.015942  0.020924  1.000000
  0.321571  0.228220  0.015942  0.020924  1.000000
  0.321571  0.205569  0.015942  0.020924  1.000000
  0.321571  0.182918  0.015942  0.020924  1.000000
  0.321571  0.160266  0.015942  0.020924  1.000000
  0.321571  0.137615  0.015942  0.020924  1.000000
  0.321571  0.114964  0.015942  0.020924  1.000000
  0.321571  0.092313  0.015942  0.020924  1.000000
  0.321571  0.069662  0.015942  0.020924  1.000000
  0.321571  0.047011  0.015942  0.020924  1.000000
  0.321571  0.024359  0.015942  0.020924  1.000000
  0.321571  0.001708  0.015942  0.020924  1.000000
  0.321571 -0.020943  0.015942  0.020924  1.000000
  0.321571 -0.043594  0.015942  0.020924  1.000000
  0.321571 -0.066245  0.015942  0.020924  1.000000
  0.321571 -0.088896  0.015942  0.020924  1.000000
  0.321571 -0.111548  0.015942  0.020924  1.000000
  0.321571 -0.134199  0.015942  0.020924  1.000000
  0.321571 -0.156850  0.015942  0.020924  1.000000
  0.321571 -0.179501  0.015942  0.020924  1.000000
  0.321571 -0.202152  0.015942  0.020924  1.000000
  0.321571 -0.224803  0.015942  0.020924  1.000000
  0.321571 -0.247454  0.015942  0.020924  1.000000
  0.321571 -0.270106  0.015942  0.020924  1.000000
  0.321571 -0.292757  0.015942  0.020924  1.000000
  0.321571 -0.315408  0.015942  0.020924  1.000000
  0.321571 -0.338059  0.015942  0.020924  1.000000
  0.321571 -0.360710  0.015942  0.020924  1.000000
  0.321571 -0.383361  0.015942  0.020924  1.000000
  0.321571 -0.406013  0.015942  0.020924  1.000000
  0.321571 -0.428664  0.015942  0.020924  1.000000
  0.321571 -0.451315  0.015942  0.020924  1.000000
  0.321571 -0.473966  0.015942  0.020924  1.000000
  0.321571 -0.496617  0.015942  0.020924  1.000000
  0.321571 -0.519268  0.015942  0.020924  1.000000
  0.339287 -0.534631  0.015942  0.020924  1.000000
  0.339287 -0.511980  0.015942  0.020924  1.000000
  0.339287 -0.489328  0.015942  0.020924  1.000000
  0.339287 -0.466677  0.015942  0.020924  1.000000
  0.339287 -0.444026  0.015942  0.020924  1.000000
  0.339287 -0.421375  0.015942  0.020924  1.000000
  0.339287 -0.398724  0.015942  0.020924  1.000000
  0.339287 -0.376073  0.015942  0.020924  1.000000
  0.339287 -0.353421  0.015942  0.020924  1.000000
  0.339287 -0.330770  0.015942  0.020924  1.000000
  0.339287 -0.308119  0.015942  0.020924  1.000000
  0.339287 -0.285468  0.015942  0.020924  1.000000
  0.339287 -0.262817  0.015942  0.020924  1.000000
  0.339287 -0.240166  0.015942  0.020924  1.000000
  0.339287 -0.217515  0.015942  0.020924  1.000000
  0.339287 -0.194863  0.015942  0.020924  1.000000
  0.339287 -0.172212  0.015942  0.020924  1.000000
  0.339287 -0.149561  0.015942  0.020924  1.000000
  0.339287 -0.126910  0.015942  0.020924  1.000000
  0.339287 -0.104259  0.015942  0.020924  1.000000
  0.339287 -0.081608  0.015942  0.020924  1.000000
  0.339287 -0.058956  0.015942  0.020924  1.000000
  0.339287 -0.036305  0.015942  0.020924  1.000000
  0.339287 -0.013654  0.015942  0.020924  1.000000
  0.339287  0.008997  0.015942  0.020924  1.000000
  0.339287  0.031648  0.015942  0.020924  1.000000
  0.339287  0.054299  0.015942  0.020924  1.000000
  0.339287  0.076951  0.015942  0.020924  1.000000
  0.339287  0.099602  0.015942  0.020924  1.000000
  0.339287  0.122253  0.015942  0.020924  1.000000
  0.339287  0.144904  0.015942  0.020924  1.000000
  0.339287  0.167555  0.015942  0.020924  1.000000
  0.357003  0.190131  0.015942  0.020924  1.000000
  0.357003  0.167479  0.015942  0.020924  1.000000
  0.357003  0.144828  0.015942  0.020924  1.000000
  0.357003  0.122177  0.015942  0.020924  1.000000
  0.357003  0.099526  0.015942  0.020924  1.000000
  0.357003  0.076875  0.015942  0.020924  1.000000
  0.357003  0.054224  0.015942  0.020924  1.000000
  0.357003  0.031572  0.015942  0.020924  1.000000
  0.357003  0.008921  0.015942  0.020924  1.000000
  0.357003 -0.013730  0.015942  0.020924  1.000000
  0.357003 -0.036381  0.015942  0.020924  1.000000
  0.357003 -0.059032  0.015942  0.020924  1.000000
  0.357003 -0.081683  0.015942  0.020924  1.000000
  0.357003 -0.104335  0.015942  0.020924  1.000000
  0.357003 -0.126986  0.015942  0.020924  1.000000
  0.357003 -0.149637  0.015942  0.020924  1.000000
  0.357003 -0.172288  0.015942  0.020924  1.000000
  0.357003 -0.197976  0.015942  0.020924  1.000000
  0.374719 -0.177476  0.015942  0.020924  1.000000
  0.374719 -0.154825  0.015942  0.020924  1.000000
  0.374719 -0.132174  0.015942  0.020924  1.000000
  0.374719 -0.109523  0.015942  0.020924  1.000000
  0.374719 -0.086872  0.015942  0.020924  1.000000
  0.374719 -0.064220  0.015942  0.020924  1.000000
  0.374719 -0.041569  0.015942  0.020924  1.000000
  0.374719 -0.018918  0.015942  0.020924  1.000000
  0.374719  0.003733  0.015942  0.020924  1.000000
  0.374719  0.026384  0.015942  0.020924  1.000000
  0.374719  0.049035  0.015942  0.020924  1.000000
  0.374719  0.071686  0.015942  0.020924  1.000000
  0.374719  0.094338  0.015942  0.020924  1.000000
  0.374719  0.116989  0.015942  0.020924  1.000000
  0.374719  0.139640  0.015942  0.020924  1.000000
  0.374719  0.162291  0.015942  0.020924  1.000000
  0.374719  0.184942  0.015942  0.020924  1.000000
  0.374719  0.207593  0.015942  0.020924  1.000000
  0.339287  0.231004  0.015942  0.020924  1.000000
  0.339287  0.253655  0.015942  0.020924  1.000000
  0.339287  0.276306  0.015942  0.020924  1.000000
  0.339287  0.298957  0.015942  0.020924  1.000000
  0.339287  0.321609  0.015942  0.020924  1.000000
  0.339287  0.344260  0.015942  0.020924  1.000000
  0.339287  0.366911  0.015942  0.020924  1.000000
  0.339287  0.389562  0.015942  0.020924  1.000000
  0.339287  0.412213  0.015942  0.020924  1.000000
  0.339287  0.434864  0.015942  0.020924  1.000000
  0.339287  0.457515  0.015942  0.020924  1.000000
  0.339287  0.480167  0.015942  0.020924  1.000000
  0.339287  0.502818  0.015942  0.020924  1.000000
  0.339287  0.531132  0.015942  0.020924  1.000000
  0.357003  0.528348  0.015942  0.020924  2.000000
  0.357003  0.500034  0.015942  0.020924  2.000000
  0.357003  0.477383  0.015942  0.020924  2.000000
  0.357003  0.454732  0.015942  0.020924  2.000000
  0.357003  0.432080  0.015942  0.020924  2.000000
  0.357003  0.409429  0.015942  0.020924  2.000000
  0.357003  0.386778  0.015942  0.020924  2.000000
  0.357003  0.364127  0.015942  0.020924  2.000000
  0.357003  0.341476  0.015942  0.020924  2.000000
  0.357003  0.318825  0.015942  0.020924  2.000000
  0.357003  0.296173  0.015942  0.020924  2.000000
  0.357003  0.273522  0.015942  0.020924  2.000000
  0.357003  0.250871  0.015942  0.020924  2.000000
  0.357003  0.221513  0.015942  0.020924  2.000000
  0.374719  0.250871  0.015942  0.020924  2.000000
  0.374719  0.273522  0.015942  0.020924  2.000000
  0.374719  0.296173  0.015942  0.020924  2.000000
  0.374719  0.318825  0.015942  0.020924  2.000000
  0.374719  0.341476  0.015942  0.020924  2.000000
  0.374719  0.364127  0.015942  0.020924  2.000000
  0.374719  0.386778  0.015942  0.020924  2.000000
  0.374719  0.409429  0.015942  0.020924  2.000000
  0.374719  0.432080  0.015942  0.020924  2.000000
  0.374719  0.454732  0.015942  0.020924  2.000000
  0.374719  0.477383  0.015942  0.020924  2.000000
  0.374719  0.500034  0.015942  0.020924  2.000000
  0.374719  0.528348  0.015942  0.020924  2.000000
  0.357003 -0.528348  0.015942  0.020924  3.000000
  0.357003 -0.500034  0.015942  0.020924  3.000000
  0.357003 -0.477383  0.015942  0.020924  3.000000
  0.357003 -0.454732  0.015942  0.020924  3.000000
  0.357003 -0.432080  0.015942  0.020924  3.000000
  0.357003 -0.409429  0.015942  0.020924  3.000000
  0.357003 -0.386778  0.015942  0.020924  3.000000
  0.357003 -0.364127  0.015942  0.020924  3.000000
  0.357003 -0.341476  0.015942  0.020924  3.000000
  0.357003 -0.318825  0.015942  0.020924  3.000000
  0.357003 -0.296173  0.015942  0.020924  3.000000
  0.357003 -0.273522  0.015942  0.020924  3.000000
  0.357003 -0.250871  0.015942  0.020924  3.000000
  0.374719 -0.221387  0.015942  0.020924  3.000000
  0.374719 -0.250871  0.015942  0.020924  3.000000
  0.374719 -0.273522  0.015942  0.020924  3.000000
  0.374719 -0.296173  0.015942  0.020924  3.000000
  0.374719 -0.318825  0.015942  0.020924  3.000000
  0.374719 -0.341476  0.015942  0.020924  3.000000
  0.374719 -0.364127  0.015942  0.020924  3.000000
  0.374719 -0.386778  0.015942  0.020924  3.000000
  0.374719 -0.409429  0.015942  0.020924  3.000000
  0.374719 -0.432080  0.015942  0.020924  3.000000
  0.374719 -0.454732  0.015942  0.020924  3.000000
  0.374719 -0.477383  0.015942  0.020924  3.000000
  0.374719 -0.500034  0.015942  0.020924  3.000000
  0.374719 -0.528348  0.015942  0.020924  3.000000
     0.33342     1.43595     0.50308     0.31580     0.00000
     0.20765     1.12020     0.25153     0.31570     0.00000
     0.45919     1.12020     0.25154     0.31570     0.00000
     1.05417     1.43005     0.48326     0.31421     0.00000
     0.93335     1.11585     0.24162     0.31421     0.00000
     1.17500     1.11585     0.24161     0.31421     0.00000
     1.37310     0.95556     0.15512     0.40252     0.00000
     1.37310     0.55303     0.15512     0.40255     0.00000
     1.37310    -0.55303     0.15512     0.40255     0.00000
     1.37310    -0.95556     0.15512     0.40252     0.00000
     0.20765    -1.12020     0.25153     0.31570     0.00000
     0.33342    -1.43595     0.50308     0.31580     0.00000
     0.45919    -1.12020     0.25154     0.31570     0.00000
     0.93335    -1.11585     0.24162     0.31421     0.00000
     1.05417    -1.43005     0.48326     0.31421     0.00000
     1.17500    -1.11585     0.24161     0.31421     0.00000
     0.40597     0.12987     0.01905     0.25975     0.00000
     0.40597     0.38962     0.01905     0.25975     0.00000
     0.40597    -0.12987     0.01905     0.25975     0.00000
     0.40597    -0.38962     0.01905     0.25975     0.00000
     0.47332     0.51933     0.11565     0.02565     7.22090
     0.47332    -0.51933     0.11565     0.02565    -7.22090
     0.53900     0.58167     0.01571     0.13559     0.00000
     0.57092     0.63335     0.04850     0.03026     0.00000
     0.81754     0.57430     0.01041     0.14522     0.00000
     0.81754     0.44421     0.01041     0.11496     0.00000
     1.00780     0.34350     0.10621     0.02358     0.00000
     1.07180     0.61252     0.02101     0.14148     0.00000
     1.07180    -0.61252     0.02101     0.14148     0.00000
     1.07180     0.42387     0.02101     0.23580     0.00000
     1.07180    -0.42387     0.02101     0.23580     0.00000
     1.06970     0.22736     0.02258     0.15720     0.00000
     1.06970     0.07438     0.02258     0.14876     0.00000
     1.06970    -0.07438     0.02258     0.14876     0.00000
     1.06970    -0.22736     0.02258     0.15720     0.00000
     1.00780    -0.34350     0.10621     0.02358     0.00000
     0.81754    -0.44421     0.01041     0.11496     0.00000
     0.81754    -0.57430     0.01041     0.14522     0.00000
     0.57092    -0.63335     0.04850     0.03026     0.00000
     0.53900    -0.58167     0.01571     0.13559     0.00000
     0.88970    -0.37148     0.13509     0.02777    23.30225
     0.88970     0.37148     0.13509     0.02777   -23.30225
     0.43479    -0.36599     0.03858     0.20349     0.00000
     0.490       0.485       0.110       0.035      15.00000
comment: 02/06/2007 CMOD DPROBE.DAT file: cold oh stack from As Built Dwgs; new cryopump conductor -- smw
